"V1" "V2" "V3" "V4" "V5" "V6" "V7" "V8" "V9" "V10" "V11" "V12" "V13" "V14" "V15" "V16" "V17" "V18" "V19" "V20" "V21" "V22" "V23" "V24" "V25" "V26" "V27" "V28" "V29" "V30" "V31" "V32" "V33" "V34" "V35" "V36" "V37" "V38" "V39" "V40" "V41" "V42" "V43" "V44" "V45" "V46" "V47" "V48" "V49" "V50" "V51" "V52" "V53" "V54" "V55" "V56" "V57" "V58" "V59" "V60" "V61" "V62" "V63" "V64" "V65" "V66" "V67" "V68" "V69" "V70" "V71" "V72" "V73" "V74" "V75" "V76" "V77" "V78" "V79" "V80" "V81" "V82" "V83" "V84" "V85" "V86" "V87" "V88" "V89" "V90" "V91" "V92" "V93" "V94" "V95" "V96" "V97" "V98" "V99" "V100" "V101" "V102" "V103" "V104" "V105" "V106" "V107" "V108" "V109" "V110" "V111" "V112" "V113" "V114" "V115" "V116" "V117" "V118" "V119" "V120" "V121" "V122" "V123" "V124" "V125" "V126" "V127" "V128" "V129" "V130" "V131" "V132" "V133" "V134" "V135" "V136" "V137" "V138" "V139" "V140" "V141" "V142" "V143" "V144" "V145" "V146" "V147" "V148" "V149" "V150" "V151" "V152" "V153" "V154" "V155" "V156" "V157" "V158" "V159" "V160" "V161" "V162" "V163" "V164" "V165" "V166" "V167" "V168" "V169" "V170" "V171" "V172" "V173" "V174" "V175" "V176" "V177" "V178" "V179" "V180" "V181" "V182" "V183" "V184" "V185" "V186" "V187" "V188" "V189" "V190" "V191" "V192" "V193" "V194" "V195" "V196" "V197" "V198" "V199" "V200" "V201" "V202" "V203" "V204" "V205" "V206" "V207" "V208" "V209" "V210" "V211" "V212" "V213" "V214" "V215" "V216" "V217" "V218" "V219" "V220" "V221" "V222" "V223" "V224" "V225" "V226" "V227" "V228" "V229" "V230" "V231" "V232" "V233" "V234" "V235" "V236" "V237" "V238" "V239" "V240" "V241" "V242" "V243" "V244" "V245" "V246" "V247" "V248" "V249" "V250" "V251" "V252" "V253" "V254" "V255" "V256" "V257" "V258" "V259" "V260" "V261" "V262" "V263" "V264" "V265" "V266" "V267" "V268" "V269" "V270" "V271" "V272" "V273" "V274" "V275" "V276" "V277" "V278" "V279" "V280" "V281" "V282" "V283" "V284" "V285" "V286" "V287" "V288" "V289" "V290" "V291" "V292" "V293" "V294" "V295" "V296" "V297" "V298" "V299" "V300" "V301" "V302" "V303" "V304" "V305" "V306" "V307" "V308" "V309" "V310" "V311" "V312" "V313" "V314" "V315" "V316" "V317" "V318" "V319" "V320" "V321" "V322" "V323" "V324" "V325" "V326" "V327" "V328" "V329" "V330" "V331" "V332" "V333" "V334" "V335" "V336" "V337" "V338" "V339" "V340" "V341" "V342" "V343" "V344" "V345" "V346" "V347" "V348" "V349" "V350" "V351" "V352" "V353" "V354" "V355" "V356" "V357" "V358" "V359" "V360" "V361" "V362" "V363" "V364" "V365" "V366" "V367" "V368" "V369" "V370" "V371" "V372" "V373" "V374" "V375"
"a" 1 0.074761959295795 0.289544015802558 0.144053255799092 0.0255810464916152 0 0 0.301915056259063 1 1 1 0.130133208217081 0.26322963598758 1 0.0837565960590734 0.0931425396079017 0.0346316811592386 0.0335814560657605 0 0.0839550517375449 0.216483676825909 0 0.283151524208516 0.16201436624024 0.057979888778833 0 1 0.169534117205992 0 0.148368237923681 0.146058084901968 0.100719348367731 0.103441588016302 1 0.123363823744628 0.154843303268254 0.057979888778833 0.0572953577244332 0.212463706033946 0.180108804073522 0.100469573294387 0.116232667921802 0.100676561715514 0.236364188094418 0.0745693965293046 0.203838745516507 0.125626292344037 0.063283585861963 0.100676561715514 0.224503288368917 0.233264786428738 0.0291184757580667 1 0.132223203091578 0.124179469602556 0.146099154780256 0.220367446498862 0 0.280666198815667 0.0636773637981636 1 0.188473124018426 0.229462691412905 0.176335951390834 0.285398764459613 0.063283585861963 1 0.276946160660442 1 0.300112018772902 1 0.168145221456373 0.285681172990268 0.310064323300925 0.282590565127099 0.241144580925944 0.152476403780681 1 1 0.178109540513805 0.208289218173063 1 0.181284698868497 0.171864295692291 0.232414805833779 0.263714144887306 0.259306349096546 1 0.0781346426226776 1 0.150716937960623 1 0.241144580925944 1 0.312087231413306 0.119121512658866 0 0.209894052649535 0.106107921359792 0.1280088483977 0.154719845882165 0.0931425396079017 0.0539197570371081 1 1 0.282590565127099 0.307929918707072 0 0.190899755280457 0.301596038660105 1 0.282590565127099 0.344024414660574 0 1 0.310064323300925 1 0.282045432462642 0.306378721902534 0.0714759985767609 0.298167352121038 0.317120177464912 0.208289218173063 1 1 0.0179637477740173 1 0.083057910752371 0.0139814553849208 0.115044547025365 0 0.237514030450844 0.318805387816953 0.0845546769093303 0 1 0.297999507534883 0 0.069564242014326 1 0.104971011164598 1 1 0 0.100065222102406 0.111374900407793 1 0.179940689294908 0.111374900407793 0.170187558603878 0.154931512344426 0.244469726381539 0.298987118150532 1 0.045240044474589 1 0.305785360723172 0.179110027675454 0.133067543014028 0.0575680126312373 0.248809227993728 0.0575680126312373 0.0138277936977914 0.195684348954908 1 1 0.0865227602280043 0.100194086577028 1 0 1 0.215744409064525 0.136977848802425 0 1 0.048310750280447 1 1 0.00626854826741934 1 0 1 0.25147670541085 0.219709545969203 1 0.189633266432999 0.0437863730196919 0.0710472813561943 0.246414421055675 0.0686125272260136 0.341242581904859 1 1 0.078970107290696 0.286919732102126 0.236446267162091 0.130685538195134 0.286919732102126 0.0126730469364784 1 0.100065222102406 0.179110027675454 0.11979208062125 0 0.133330508459396 0.138614507095508 0.271411600571113 0.31763818890265 0.0585100628190982 1 0.312082872037698 0.305375393758695 1 0.312087231413306 0.3142722072308 0.171788617957394 0.0197625100684685 1 0.151168009460459 0 0.171625678478634 1 1 0.0798367021265341 0.0283570450338126 0.222942455298425 1 0 0.0513169360940114 0 0 0.0233767816722994 0.113015005206106 0.0637445372029576 0.0251613465492219 0.15056724044921 0.209018441081918 0.168057607912014 0.125626292344037 1 1 1 1 0.300112018772902 0.108462837930825 0.118755652632711 0.0964429376119868 1 0.113015005206106 1 0.0674754506144324 0.0476489516108414 0.209018441081918 0.27841748329735 1 1 0.00919590028896969 0.0742443064494647 1 0 1 1 0.139252937532341 0.119738971977019 0.020138575977643 0.101923382831173 0.184228676175916 0.179940689294908 0.299213263228743 0.15178476564596 0.0102234543890645 0.0115408953366912 0.196640219079224 0.214662549090114 0.0742443064494647 0.085670262468107 0.0449392674229938 0.0398620598812626 1 0.119978181639258 0.0225536385688022 1 0.142524203653182 0.119978181639258 0.234493266382249 0.182025976857096 0.100065222102406 0.172942564561867 0.164533653923689 1 0.202971949294985 0.180504201525294 1 0.131600080581625 0 1 0.173583717100892 0.265215657736062 1 0.156965904514469 1 0.23475216933978 1 0.307812404852582 1 0.305133874483664 0.031296592636747 0.164119084281598 0.208399417746342 0 0.140833773938411 0.284898977567661 0.197035625039151 0.0507351588845889 0.163491553688801 1 1 0.0444769811603059 0 0.185831420963689 0 0.135004056667947 0.0205730089610394 0.054016314681703 0.201494924399016 0.164533653923689 0.189177655754483 1 0.129943160664117 0.0604828235544539 0 0.0507351588845889 0.054016314681703 0.181977747756768 0.233638185850954 0.180363363305767 1 0.116376944567715 0.116376944567715 1 0.136924761584695 0.172938477681384 0.131661749951755 0.124040042761031 0.184754769619244 1 0 0.133330508459396 0.155308325722326 0.0861748531501602 0.168114484771202 1 0.108631866594552 0.0268439749884863 0.137679824891707 0.127228323539592 1 0.0608603016612237 0.151184201806135 0.0450588977395496 0.0999214610975114 1 0.0332838535316375 0.209018441081918 0.0238394185256075 0.0601836883425792 0.054016314681703 0.0156099947517049 0.318318751058916 0.00925614692388134 1 0.286919732102126 1 0.0815838369372385 1
"c" 1 1 1 1 0.310064323300925 0.0450621279503107 0.0940450695725078 0.131184426383956 1 0.0116084464957558 1 0.248393243773319 1 0.0550925792563562 0.235403661004213 0.0346316811592386 0 1 0.0776425071378166 1 0.0819546732973141 0.0776425071378166 1 0.283116494222535 1 0.201963910365325 1 0.116376944567715 0.11456658050645 0.209527537651568 0.291383924665776 1 0.113015005206106 0.312082872037698 0.166507637959991 1 0.0634758948668803 0.244469726381539 0.159144711022033 0.25260497370142 0.180108804073522 0.33488809397498 0.177014176887741 1 0.251407098127369 0.278899094545892 0.299760342309254 0.100676561715514 1 1 1 0.036995557636942 0.167360424099505 0.262237872065394 0.330668281143641 1 1 1 0.201342072118418 0.0450621279503107 1 0.152945559636889 0.190899755280457 1 0.250192721338202 1 1 1 0.257186723714096 1 1 1 0.263620777800787 0.246434634246063 1 0.186562987439901 0.249261887396266 0.270350572813899 1 1 1 1 1 1 1 0.100586399549461 1 1 0.0759840986444605 1 0.108559144819021 0.312055790424637 1 1 0.102700270375018 0.195685685593843 0.284393450676346 1 0.3142722072308 1 0.155903202446045 0.348144506179696 0.0673644087338219 1 0.102971672865814 1 1 1 0.305375393758695 1 1 1 1 1 1 0.152945559636889 1 1 1 0.0636773637981636 1 0.196184076836171 0.116476213425624 1 0.189665802905151 0.189665802905151 1 1 0.0126730469364784 1 0.133560647843121 0.122642558419354 0.151270916608337 0.185831420963689 0.0575680126312373 1 1 1 0.258774706970256 0.340038330522495 0.108631866594552 1 0.287668465419972 1 0.227839807002963 1 0.0476068629005219 0.304025651601107 0.310096404391651 0.293284860299261 0.0902237672799723 1 0.140358078433366 0.272858812541166 0.0674754506144324 1 1 1 0.294778848504628 0.213188215151806 0.190899755280457 0.0197625100684685 0.130364169457343 1 1 0.0476068629005219 1 1 0.056695938309494 0.063305778291149 1 1 1 0.224503288368917 0.269137077321271 0.112392221695387 0.152847614850825 0.306378721902534 0.15732513161431 1 0.283116494222535 1 0.146970785155845 1 0.203002516402482 1 0.305942040268445 0.0690404392941263 0.191827463880495 0.123885667637796 1 0.0540427415961505 1 0.108631866594552 1 0.0806961901162211 0.26322963598758 0.190899755280457 0.185831420963689 0.150763446228086 0.202689392691212 1 1 0.186562987439901 1 0.168057607912014 1 1 0.139823618624741 0.100586399549461 0.248160190971003 0.208289218173063 1 1 1 0.279087125353926 0 0.260382337117138 0.143546182765285 0.113004281145232 1 1 0.136508558220755 1 0.158530860371419 1 0.233594838753307 0.227776626225469 1 0.154180868828728 0.228994726620322 0.0925816620954921 0.143577583281677 0.157183694389458 0.166259230240802 0.195731225336668 1 1 0.0481667028083198 0.17205174053043 1 1 1 1 0.152945559636889 1 0.303671580872428 0.159319562268864 0.260440848517767 1 0.0476489516108414 1 1 0.116764478103665 1 0.0686243106302252 0 0.215744409064525 1 0.118755652632711 1 0.166771404576933 0.329018864716219 1 0.0540785959755037 0.33488809397498 0.243640462363122 0.271411600571113 1 1 0.0507782328626592 0 1 1 0.322246639456717 1 0.0274719145581402 0.0716920019733961 0.185831420963689 1 0.0973874715566177 1 1 1 0 1 1 1 1 0.0923659710808365 1 0.309065317924212 0.28743894475083 0.22843130376459 0.0933996987449384 1 0.0973874715566177 0.234010306317963 0.147724645261451 0.218808177328708 1 1 1 1 0.221024871352413 0.109057636441965 0.331037523473582 0.112392221695387 1 0.15056724044921 1 0.305785360723172 0.284898977567661 0.184228676175916 1 1 1 0.025179563835757 0.0687882904455736 1 0.238729848006272 1 0.24675533126893 0.296934631789002 0.306405166379687 1 0.298816987407552 1 1 0.318072612792468 0.14987246928403 0.299760342309254 1 1 0.0733184140282652 1 0.167233479111455 0.147307536247357 0.108631866594552 0.153501363596049 0.054016314681703 1 1 0.143561374231917 1 0.340038330522495 0.273516366031774 0.168462719061754 0.308739527716894 0.159144711022033 0.162572886252215 0.334797746815101 1 1 0.108993579558688 0.116764478103665 0.073298611297807 0.203277391781594 1 0.318072612792468 1 0.299160927928957 1 1 0.0328878987566938 1 0.151184201806135 0.117194609043928 0.221024871352413 1 1 0.075719917820878 1 0 1
"d" 1 0 0 0 0.103441588016302 0.275571996312641 1 1 1 1 0 0.187004190963161 1 1 0.13894381772753 1 0.104926573891309 1 1 0.106730640473925 1 1 0.176209461667126 0 0 0.189633266432999 1 1 1 1 1 1 1 1 1 1 1 1 1 0.157346512334299 0.151168009460459 0.107334497867335 0.154005634168532 1 0.126594576763958 0.107334497867335 0.237313527312223 0.0759840986444605 0.139823618624741 0.283151524208516 0 0.225130734309476 0.188542350269265 1 0.114305222087619 0 0.0931472874705447 1 0.306427748193556 0.240958636840462 1 1 0.0990126826346903 0.344485333334938 1 0.260440848517767 1 0.226232690038321 1 1 1 0.0732395204059694 0.286130510426669 0.23174937980211 1 1 0.183832408394541 0.0179637477740173 1 0 0 1 0.118130077198292 0.241144580925944 1 1 0.176234894415386 1 1 1 0.144481431268751 0.061948479682162 0.239219685157499 1 0.299760342309254 0.292494356858565 0.106107921359792 1 0.0522569480714141 0.0540519682998239 0.183832408394541 0.283412568137843 1 1 1 1 0.114935964938189 1 1 1 0.195782046887396 0.257804106380799 1 0.292999824505021 0.318970988435804 1 0.276187148359696 1 1 1 0.329814265107409 1 1 1 0.101208049446114 0.164119084281598 1 0.0822687143672093 1 1 1 1 1 1 0.278548236114014 1 0.133067543014028 0.249056865881014 1 1 0.305712487908378 1 0.297957396851668 1 1 0.248395081144488 1 1 0.297999507534883 1 1 1 1 0 1 0.295903815279854 0 0.134370401062266 0.31219183219137 1 0.282965879196386 1 1 1 1 0.168057607912014 0.0634758948668803 0.137342374063 1 0.281977281478659 1 0.284977782869065 0.254655055338352 0.195684348954908 0.309138504877256 0.132334774116976 1 1 0 1 0.273516366031774 1 0.288465213690229 0 1 0.275291846853216 0 1 1 1 0.291383924665776 0.280031783759593 1 0.250132599905863 0.0884684836083148 0.221413993181347 0.15732513161431 0.258774706970256 0.220473142174984 1 0.327551223885761 1 0.211964585158796 0.144656986077545 0.151622429309518 0.263905224971212 0.210800806015384 1 1 1 0 1 1 0.13264565678806 0.298816987407552 1 1 1 1 1 0.218288360327811 0 1 0.0177261625449068 0.0894180141425198 0.0954360543863727 1 0.0773310486832066 0.131184426383956 0.210800806015384 0.120663737653122 0.132721054573438 0.205163016795252 0.187537511459599 0.0936744761631848 1 0.0527682381058339 0.280666198815667 0.133554258296871 1 0.180573314789398 1 1 0 0.248395081144488 1 0.344024414660574 1 0.274351027771948 1 0.251407098127369 0.0674754506144324 0.0857677816903152 1 1 1 0.0385676485964836 1 1 1 1 1 0.151103370627195 1 0.133720622737276 0.101767920615527 0.205163016795252 0.170187558603878 1 0.13487762084223 0.0627584839699317 0.0797877371488661 0.103168464341387 1 0.0685418668046831 0.0609783201117424 1 1 1 0.0797877371488661 1 1 0.298787948723729 0.298816987407552 1 0 0.215744409064525 0 1 1 0.263048782900968 0 1 0.214923514065325 0.224700480039995 0.224218798501605 1 1 1 1 1 0.172938477681384 1 1 1 0.300112018772902 0.125626292344037 0.12372507882953 1 0.078970107290696 0 1 0.188473124018426 0.202689392691212 0.13439376328469 0.0687971050891593 1 0.13439376328469 0.133819495887927 1 1 1 0.122538575887535 0.217917749004529 1 0.139893311223941 1 0.142812132532303 1 0.15624330497001 0.15732513161431 0.275291846853216 0.28515246590421 0.0537101455284172 1 1 0.271411600571113 0.112863161649227 1 1 1 0.241171074383529 0.15545843275699 1 1 1 0.108149494217404 0.305133874483664 1 0.0812015856385024 0.297999507534883 1 0.168241346043691 0.122623166148826 1 1 1 0.181977747756768 1 0.0449392674229938 0.0332838535316375 1 0 0.0516957571232624 0.15056724044921 1 0.1815461876026 0.105649527382816 1 1 0.28515246590421 1 0.0637445372029576 1 1
"e" 1 0.00362898021315996 0.00166516439763288 0.00166516439763288 0.0821108956268334 0.117613884905538 0.101923382831173 1 1 1 0.266330302909556 1 1 1 0.226836542670286 0.237514030450844 0.0991226494045569 0.0837565960590734 1 1 1 1 0.0733184140282652 0.0923522515640251 0.106107921359792 0.237514030450844 1 1 0.334579014681475 0.20151276307266 1 0.299160927928957 1 1 1 1 1 1 0.14114113618479 0.15732513161431 0.0834182690465275 0.173913313575695 0.141887802411285 0.213858692724802 0.207249195176866 0.166507637959991 0.240958636840462 0.1280088483977 0.108679251006826 0.14210378613769 0.0634758948668803 0.181284698868497 1 1 1 0.0954360543863727 0 1 0.0843474658321313 0.14770603378976 0.202403151939296 0.348144506179696 0.218808177328708 1 0.241144580925944 0.202689392691212 1 0.130133208217081 1 1 1 0 0.298167352121038 1 1 1 0.275893478544534 1 1 0.103170898454245 0.190688606605767 1 0 0.126294542809925 1 1 0.163047109729382 0.32112914807125 1 1 0.223595233294401 0.183944168433673 0 1 0.158540199437376 0.170732685648269 0.161175870015169 1 0 0 1 1 1 1 1 1 0 1 1 1 1 1 1 0.165110534182618 1 1 0 0.248809227993728 1 1 0.0812015856385024 1 1 1 0 0.26322963598758 1 0.137679824891707 1 1 1 1 1 1 0.246414421055675 1 0.224387765891006 0.229462691412905 0.162336712752361 1 1 1 1 0.28788095288015 1 1 1 1 1 0.237313527312223 0.301398942530142 1 0.289484518704868 0.0837565960590734 1 1 0.121118789642477 1 1 1 0.344024414660574 1 1 1 1 1 0 1 1 0.219491329515624 1 0.31423299860896 0.283888591558104 1 1 0.0964983833839146 1 1 0.201963910365325 1 1 1 0.309864274333856 0.0328878987566938 1 1 0.0329509478919572 1 1 0.309138504877256 0.218099826797103 1 1 1 0 0.252596534392354 1 1 0.25553521662227 1 0.204761466542493 0.293284860299261 1 0.25078090190987 0 0.281974640516164 0 1 1 1 0.133720622737276 1 0.223928757609636 0 0.136352244994481 1 1 1 1 1 0.118130077198292 0.0792307285832845 1 0 0.0274719145581402 0 0.292224189299128 0.056317186360216 0.0936744761631848 0.155480204930159 0.0747189778146377 0.0558180798864843 0.306405166379687 0.211964585158796 0.067434742293698 0.212283521774169 0 0.157346512334299 0.148594305686962 1 0 1 1 1 0.248160190971003 0.118292528589966 0.146099154780256 1 0.218099826797103 1 0.132949057941952 0.244467199576628 0 1 1 0.284977782869065 1 1 0 1 1 1 0.132721054573438 1 0.195489218169691 0.275769742067548 1 0.156390406674594 0.292316878972601 0 0.144255958803113 0.0939957973645869 1 1 1 0 0.284383697755003 1 1 0.13439376328469 1 1 0.235842946758144 0.100065222102406 1 0.151238150376975 0.171283350447718 0.118274059102987 1 1 0.0960867708720351 0.0798367021265341 1 1 0.114305222087619 1 1 1 1 0.290470733983119 1 1 1 1 1 1 0.0797877371488661 1 1 0.164224930723785 0.0475767229960669 1 1 0.0779311433256109 0.164119084281598 0 0.234479786108509 0.153352543829605 0.176578166695379 1 0.166334014931663 1 0.16201436624024 1 1 0.069564242014326 1 0.0507351588845889 0.271454464967571 1 0.21266656893664 0.242076388505217 0.205163016795252 0 0.231101775427774 0.137342374063 1 1 1 1 1 0.142789918871758 1 1 1 1 0.190777717936638 1 1 0.275291846853216 0.284383697755003 1 0.108149494217404 0.0484834455686401 0.170355730051488 1 1 0.309978582331202 1 0.0172133999752428 0 1 0.0449392674229938 0 0.184228676175916 1 0.0571652565621815 0.133720622737276 1 1 0.0549351551304476 0.213188215151806 1 1 1
"f" 1 1 1 1 0.144458348449449 1 1 1 1 0.142812132532303 1 1 1 0.0982358492620337 0.178109540513805 0.22599384560229 0.0952536074257395 1 1 1 0 1 1 1 1 0.310096404391651 1 1 0.332840553310208 0.144532997244002 0 1 1 1 0.248809227993728 1 0.180002545571247 1 1 0.183003918227934 0.305408760712624 0.229397876991619 0.0994510605138568 0.264001054036747 0.20151276307266 1 0.144532997244002 0.271411600571113 0.171537260289188 1 1 0.160972744881775 0.0910643176780498 0.252596534392354 1 1 1 1 0.288465213690229 0.161861520282216 1 1 1 0.1253929254425 0.348144506179696 0.108224372732138 0.171788617957394 0.279931725945947 0.179940689294908 1 1 1 0.329018864716219 1 0.183258521991393 1 1 1 0.306405166379687 1 1 1 1 1 0.141562499666601 0.228640048143992 0.334797746815101 0.275291846853216 1 0 0.0609783201117424 1 1 0.203516416996402 1 1 1 1 0.31818689702162 1 0.190899755280457 0.340038330522495 0.283425880473096 0.254655055338352 0.108224372732138 1 1 1 1 0.120663737653122 1 0.283888591558104 1 0.255196418304779 1 1 1 1 1 0.32158199543376 0.314797930647447 0.215744409064525 0.088458247946753 0 1 1 0 1 0.161175870015169 1 1 0.0346851798906613 0.0505651666137809 0.250132599905863 1 0.326110823357161 1 1 0.283888591558104 0.153352543829605 0.241710466853482 0.260881645171695 0.114935964938189 0.258878224831929 1 1 1 0.275893478544534 1 1 0.14770603378976 0.237313527312223 0.0276067568311505 1 1 1 1 1 0.182829480212038 1 1 0.166259230240802 1 1 0.184109796645485 0.0562455048822448 1 1 0.0553251198131092 0.214923514065325 0.0923522515640251 1 0.229462691412905 1 0.166334014931663 0.0244732691163427 1 0.218808177328708 0.213858692724802 0.142465684759132 1 1 1 1 1 1 1 0.0700459115320202 0.0599737082122243 0.31566290959734 1 0.184754769619244 0.141562499666601 1 1 1 1 0.0218679633236854 0.204761466542493 0 1 1 0.211105567537378 0.26322963598758 1 0.171484650386752 1 0.144656986077545 0.122623166148826 1 1 0.284288435769698 1 1 1 0.166716552346378 1 0.0192751324765064 1 1 0.088785634135617 1 0 1 1 1 1 0.184852780089825 0.143577583281677 0.218099826797103 1 0.206223163997465 0.143752345856362 0.300112018772902 0.160972744881775 0.14770603378976 1 1 0.227428849853178 0.0806734145271725 1 0.122623166148826 1 1 1 1 0.20564308170616 0.294628725702557 0.340038330522495 0.294977455105278 1 1 1 1 0 1 1 1 1 0.28129681392683 0.118130077198292 0 1 1 1 0 0.167757556629446 1 0.201342072118418 1 0.170732685648269 0.212004143785833 1 0.228137255414593 1 1 0.101792704285237 1 0 0.0627584839699317 1 1 0.073298611297807 1 1 1 0.31818689702162 1 0.136522165609452 1 1 1 0.0923522515640251 0.0516006500410162 1 1 0.280384020902842 0.1253929254425 0.247862710985533 1 1 1 0.257804106380799 1 0.243632047836984 0.0139814553849208 1 0.247862710985533 0.103168464341387 1 1 1 0.164075263732452 1 1 1 0.183832408394541 0.271411600571113 0.260438207477216 0.120663737653122 1 1 1 1 0.236364188094418 0.329056173951027 1 1 0.228134670691783 0.124040042761031 0.286163506963635 1 1 1 1 1 0.123214191956761 0.167360424099505 0.112863161649227 0.162900629822612 0.132949057941952 1 1 0.312284216351833 0.229122071452622 0.171625678478634 1 0.147292340136365 0.181977747756768 0.247556238387733 1 0 1 1 1 0.219797606894201 0.320120531874991 0.197805083090439 0.105649527382816 0.260438207477216 1 0.0725503133399043 1 1 0.138319584513084 1 1 0.156390406674594 0.144458348449449 1 1 1 1 0.197805083090439 0
"g" 1 0.0883199229112836 0.0346706253257692 0.133067543014028 0.130364169457343 0.0255810464916152 0.0507782328626592 1 1 0.127311568458652 1 0.283725470441946 0 0.226836542670286 0 1 0.118274059102987 1 0.130364169457343 0 1 0.0519040936576264 0 0.134370401062266 0.106730640473925 0.123363823744628 1 0.123363823744628 0.0578946060395974 1 1 1 0.157346512334299 1 1 0 0.195685685593843 0.212283521774169 0.152431145275305 0.184754769619244 0.212283521774169 0 0.132814274133235 0.318009866984634 0.0634758948668803 0 0.201342072118418 0 0.125698624851969 0.243136132858006 0.0554958314913425 0.251407098127369 1 0.241144580925944 0 0.164533653923689 0.15732513161431 0.175972456748817 1 0.00871352740445414 1 0.14770603378976 0 1 1 0.254278666197349 1 0.19290322538122 1 1 1 0.23174937980211 1 0 1 1 0.0979307139666491 0.263905224971212 0.307452190845804 0.0179637477740173 0.188473124018426 1 0.167904985117428 0.282965879196386 1 1 0.304401796386342 1 0.244467199576628 1 0.162139544068912 0.212845848365855 0.182829480212038 1 0.13894381772753 0.211964585158796 0.0475103608711595 1 0.299760342309254 0.0123248901169691 1 0.132721054573438 0.108246462360957 1 1 1 0.208959687511102 0.108462837930825 1 0.307591949817595 1 0.292793120911941 0.220090969166884 0.120663737653122 1 0.130133208217081 0.301159062050629 1 1 1 1 1 1 1 0.114065507243927 0.240742857739084 1 0.100719348367731 1 1 0.130364169457343 1 1 1 0.0174010011214563 0.26276447830068 0.202403151939296 0.170187558603878 0.317679859503505 1 1 1 1 0.15178476564596 0.228554950593724 0 0.306281602680689 0.251407098127369 1 0 1 0.317679859503505 1 0.155331737939917 1 0 0.156390406674594 0 0.230404534165706 0.283116494222535 1 0.0409988641928598 1 1 1 1 0.248572547946434 0 1 0.0914689798860222 1 1 0.151622429309518 0.101767920615527 1 0.088458247946753 0.104710532090892 1 0.103168464341387 1 0.158540199437376 0 0.179940689294908 0.139900652005323 1 1 0.0553251198131092 0.0979307139666491 1 0.0925816620954921 0.170187558603878 1 1 0.114357953445917 0.170265002717587 0.161861520282216 0 1 0.0931472874705447 1 0.180108804073522 0.32133433994474 0.171484650386752 0.0511282021142968 0.162336712752361 0.193570463454735 0.151270916608337 1 1 0.167757556629446 0.238918970394965 1 1 0.171788617957394 1 1 0.0836678492128743 1 0.174706523429233 0.288718311041937 0.234394123663591 0.318881761581362 1 0.0686243106302252 0.0575262259213874 0.133067543014028 1 0.00388372041932212 0.198126013189915 0.290470733983119 0.0732395204059694 0.0674754506144324 0.0840348151820773 0.118998086105081 0.0784079966812539 0.173816575776775 0.0494697396058658 0.288680813261734 0.153382650833259 1 0.213188215151806 1 1 0.246434634246063 0 0.164075263732452 0.296787732914147 1 1 1 0 0.0706210937115438 0.155626561468684 0.057979888778833 1 0.147758234325057 0.17398987522202 0.228640048143992 0.151270916608337 0.12729709585305 1 1 1 1 0.0578037042494942 1 0.211105567537378 0 1 0.100194086577028 0.11466496810685 0.0802807802743218 0 1 0.312082872037698 0.218099826797103 0.0645478247707969 1 1 0.224700480039995 0.0790665466407157 1 0.129073029441027 0.158682513392463 0.252482599582975 0.133067543014028 0.14770603378976 0.107334497867335 1 0.309567823288729 0.28515246590421 0.242782590493549 1 1 0.0329509478919572 0.279087125353926 1 0.0678808764488184 1 0.202403151939296 0 0 0.258324054867815 1 1 1 0.0806734145271725 0 0.302647029175296 0.0346706253257692 0.0759486025442894 1 1 0.209018441081918 0.234479786108509 0.0507351588845889 1 0.0827311829307752 0.0527682381058339 1 0.203277391781594 0.330668281143641 0.0507351588845889 0.103441588016302 0.302414468831229 0.216483676825909 1 0.258774706970256 1 0.136924761584695 0.144233477682085 0.144233477682085 1 0.133326190336631 0.129499950152984 0.28515246590421 1 0.135040023214443 0.140681744997423 0.131661749951755 0.166507637959991 0 0 0.243764554972737 0.136924761584695 1 0.0993047695037359 0.253227995908813 1 0.103417521178153 1 1 0.111642032156099 0.221024871352413 1 0.115481265541134 1 0.148594305686962 0.243136132858006 0.0690404392941263 0.0883199229112836 1 0.236621624995391 0.10783418636911 0.077655056041797 0 0.283435117167997 0.0174010011214563 1 1 1 0.220226274822109 1 1 1
"h" 1 0.0973874715566177 1 0.221413993181347 0.242644121482927 0.203002516402482 0.275893478544534 1 1 1 0.104926573891309 1 0.0982358492620337 0.268429843270336 0.244469726381539 1 0.109057636441965 1 1 1 1 1 0.299760342309254 0.114935964938189 0.0829270444025762 1 1 0.0869813745583862 0.228137255414593 0.226836542670286 0.337215234503596 0.146970785155845 1 1 1 1 0.0476068629005219 0.103168464341387 0.108224372732138 0 0.0597456671814654 0.139823618624741 1 0.203838745516507 1 1 0.132223203091578 0.0691605453258183 0.0925816620954921 0.280666198815667 0.218808177328708 0.166716552346378 1 1 1 0.158574984287022 0.327551223885761 1 0.122623166148826 0.2122800962271 0.25147670541085 0.166828228591893 1 0.318009866984634 1 0.173816575776775 1 0.125698624851969 0.116376944567715 1 1 0.270350572813899 0 1 1 1 1 0.168114484771202 1 0.103168464341387 0.203123511575386 0.188473124018426 1 0.317219790044472 1 1 0 0 1 0.0911576134990146 0.136093147364122 0.143752345856362 1 1 0.0733184140282652 1 0.283999652406436 1 0.275291846853216 1 0 0.281373541638288 0.214023351475297 0.170265002717587 0.0575680126312373 1 1 1 1 0.148594305686962 0.162139544068912 0.302453122354505 1 0.312480708324743 0.188473124018426 0.134370401062266 1 0.332840553310208 1 1 0.0409988641928598 1 0.209018441081918 1 1 0.2122800962271 0.139864145073908 0.0923522515640251 0.275291846853216 1 1 1 0.110168345032702 1 1 1 1 0.334579014681475 1 1 1 1 0.224218798501605 1 1 1 0.0923659710808365 1 1 1 1 1 1 0.306378721902534 1 1 0.229397876991619 1 1 1 0 1 1 1 1 0.144128292144001 1 1 0.13894381772753 0.134619490721776 1 0.254278666197349 0 1 1 0.0894180141425198 0.0733184140282652 0.233264786428738 0.133067543014028 1 1 1 0.0716920019733961 0.14770603378976 1 1 0.074761959295795 0.049626304486189 1 1 0.206223163997465 0.153995590681991 1 0.11456658050645 0.279087125353926 0.0242864013106338 1 0.0117073403703988 0.17564172685509 0.119121512658866 0.189177655754483 1 0.133330508459396 0.293284860299261 1 0.0685418668046831 1 1 1 0.0802884369502242 0.229397876991619 1 1 1 1 0.122623166148826 1 0.239377256380819 1 1 0.119738971977019 0.298167352121038 0.224218798501605 1 0.0486570863548142 1 1 0.0173866897414862 0.340038330522495 0.302675579733004 0.27841959769092 0.126760509513074 1 0.255480901576319 0.20564308170616 0.267170141744883 0.240742857739084 1 0.252195302570951 0.100704014721245 1 1 1 0.143844063102373 1 0.169534117205992 0.312082872037698 1 0.228640048143992 1 0.298816987407552 0.303088322034182 1 0.214923514065325 1 0.105034792430491 1 1 1 1 1 1 0.0829270444025762 0.299213263228743 0.0747189778146377 0.124342012086127 1 1 0.088785634135617 1 0.101160798549426 0.116232667921802 1 1 0 0.0982648999665525 0.117984846780412 1 0.126594576763958 0.126294542809925 1 1 0.273516366031774 0.156965904514469 1 1 1 0.152945559636889 1 0.0430665794881258 1 0.170187558603878 1 0.287717414864403 0.147292340136365 0.220150618630797 1 1 1 1 1 1 1 1 1 0.103425727566722 0.0745497414426531 0.324433446752117 1 0.212004143785833 0.0634758948668803 0.176209461667126 1 0.0567599095648268 0.0954360543863727 1 1 0.0857677816903152 0.0931472874705447 0.261060723917734 1 0.281974640516164 0.141063729772354 0.293284860299261 0.302727347406165 0.275291846853216 1 1 0.186103065780786 0.210800806015384 0.265182310257221 0.254278666197349 0.214923514065325 0.320717995429044 0.0632222099841478 1 0.147307536247357 1 1 1 1 1 1 1 1 1 1 1 1 0.189633266432999 0.188473124018426 1 0.0558180798864843 0.0890250982619373 1 1 1 1 0.205607617765253 0.0513169360940114 1 0.0598225044061463 0.240742857739084 1 0.176234894415386 1 0.147292340136365 1 1 1 0 0.0453926838171459 1 1 1
"i" 1 1 1 0.180002545571247 0 0.101923382831173 0.264790813833485 0.048310750280447 0.0733184140282652 0.00251073062620333 1 0.0960867708720351 1 1 1 0.084748846702357 0.0931425396079017 1 1 1 0.0903649120272445 1 0.226836542670286 1 1 0.114935964938189 1 0.233264786428738 0.157346512334299 0.0759486025442894 0.182558496260016 1 1 0 0.0481294104727373 1 0.241099784866106 1 0.148921023322189 0.148594305686962 0.184228676175916 0.0964983833839146 0.0346851798906613 0.0802884369502242 0.0624683207244513 1 0.136522165609452 1 0.182025976857096 0.285774039032328 1 0.20151276307266 0.269137077321271 0.054016314681703 1 0.166771404576933 0.301915056259063 0.196786846629801 0.184754769619244 0.224503288368917 0.211964585158796 0.104739520116068 1 0 0.168057607912014 0.171788617957394 0.146595766061946 1 1 1 0 1 1 1 0 0.0197742091326679 0.130685538195134 1 1 1 1 0.168057607912014 1 0.218288360327811 0 1 1 1 0.138319584513084 0.136977848802425 1 1 1 1 1 0.0292941022617252 0.224653339944462 0.252596534392354 1 1 1 1 0.0255810464916152 0.157346512334299 0.17791964033145 0.166334014931663 1 0.273452379594459 1 0.078970107290696 0.324522403570211 1 0.233638185850954 0.019973505713455 0.297957396851668 1 1 0.2122800962271 0.0638714986218933 0.0562455048822448 0.32112914807125 0 0.0557801920190891 0.119121512658866 1 0.0910643176780498 1 0.227839807002963 0.115044547025365 1 1 0.0802884369502242 1 0.031296592636747 1 0 1 1 0.0813718907986572 1 1 0.250674295236725 0.283888591558104 0.303329598085264 1 1 1 0.0960867708720351 0.0964429376119868 1 0 0.163047109729382 0.0914689798860222 1 0.0568706350435496 1 1 1 0.0453926838171459 1 1 0.0611339636915893 0.196184076836171 0.193570463454735 0 1 1 1 1 0.265893739999353 0.101797601157675 1 1 1 0 0.0269011593511249 1 0.0237816790253777 1 0.0599737082122243 1 1 1 1 0.0964983833839146 0.254655055338352 0.185831420963689 1 0.216378253059489 0.0598225044061463 0.150420567625883 0 0.181977747756768 0.110646553565692 1 0.191827463880495 1 0.213508222194535 0.252596534392354 1 0.103926094691419 0.26322963598758 0.170265002717587 0.320120531874991 1 0.229397876991619 1 0 0.0821108956268334 1 0.302131967062123 0 1 1 1 0.100719348367731 1 1 0.0476068629005219 1 0.12372507882953 1 0.151564518397288 0.317219790044472 1 1 0.0539197570371081 0.0507782328626592 0.0370887353584728 0.21845977107976 0.122642558419354 0.231280176565626 0.12729709585305 0.182025976857096 0.0740140704708624 0.0138387678125563 1 0.210022996273413 0.17205174053043 1 0.32112914807125 0.25078090190987 1 1 1 1 0.0567599095648268 0 0.116232667921802 0 1 1 1 1 0.194901436232399 0.254278666197349 0.306268294560486 1 1 0.117613884905538 0.00467682583330744 1 1 1 0.138614507095508 0.0539197570371081 0.0200354010960843 1 0.0522569480714141 1 0.0439572339809177 0.250132599905863 1 0 1 0.156965904514469 0.0884585749643201 0.088458247946753 1 0.228134670691783 1 0 0.084821972888442 0.0800160827169298 1 1 0.0124611519248827 0.317588408430046 0 1 1 0.275571996312641 0.227839807002963 0.314393589680863 1 1 0.0208601013090073 0.0668987435237755 0.130364169457343 1 1 1 1 1 0.144656986077545 0.228994726620322 0.207762560030227 1 0 0.117194609043928 1 1 0.0519040936576264 0.202403151939296 0.248160190971003 1 0 0.0350326044234283 0.0784079966812539 0.162040542866627 0.233049361937888 1 0.176213589293085 0.0584595257451629 0.0225443413411112 1 0 1 0 0 0.189511012092202 1 1 1 1 1 0.233638185850954 1 0.185831420963689 1 0 1 1 1 0 0.197805083090439 1 1 0.21266656893664 1 0.21266656893664 1 1 1 0.115481265541134 0.33011951249188 0 0.141063729772354 0.327638224686856 0.348144506179696 1 1 0.281373541638288 1 0.0740140704708624 1 1 0.258878224831929 0 0.0747189778146377 1 0.231921801034048 1 1 0.166716552346378
"k" 1 1 0.202689392691212 0.107334497867335 0.163047109729382 0.118130077198292 0.275769742067548 1 1 1 1 0.268429843270336 1 1 0.250132599905863 0.263424194775008 1 0 1 1 1 0.131600080581625 1 1 0.182025976857096 0.203838745516507 1 0.0990126826346903 1 1 1 0.250132599905863 1 1 1 1 0.144053255799092 1 0.0450621279503107 0.28515246590421 0.0568706350435496 0.243640462363122 1 0.184754769619244 0.170187558603878 0.247556238387733 0.108224372732138 0.237514030450844 0.0721150037433586 0 0.228137255414593 0.288465213690229 1 1 1 0.0691605453258183 0.128423728782585 1 0.211105567537378 0.198210490815725 0 0.0791695571743837 1 1 1 0.153178247993562 0.241710466853482 0 1 1 1 0.126294542809925 0.228196931183535 1 0.275571996312641 1 0.224387765891006 0.221024871352413 0.263714144887306 1 0.296972251883688 1 0.257804106380799 0 1 1 0.223595233294401 1 1 1 0.24675533126893 0.152945559636889 0.056695938309494 1 0.180573314789398 1 0.260438207477216 1 0.102700270375018 0.183604278691636 0.344485333334938 0.286919732102126 1 1 1 1 0.16068039886526 1 1 0.231921801034048 1 1 0 0.162900629822612 0.141042406189699 0.0253609800607475 0.137342374063 0 1 1 0.136093147364122 1 1 1 0.125340627570789 0.0923522515640251 1 0.124040042761031 1 0.321968690487145 0.211964585158796 1 1 1 1 1 0.0526838341653285 1 1 1 1 1 1 1 1 0.281974640516164 0.23102581665057 1 1 1 1 1 0.189665802905151 1 1 0.301159062050629 1 1 1 1 1 1 1 1 1 1 0.172938477681384 1 0.287717414864403 1 1 0.111448924828669 0.257186723714096 1 1 0.110198985942589 0.195397065797907 1 0.302727347406165 1 1 1 0.252596534392354 0.32112914807125 1 0.0476068629005219 0.130685538195134 0.112659926417187 1 0.075719917820878 0 1 1 0.128746069362414 0.0575680126312373 0.100065222102406 1 0.344024414660574 0.117216715571973 1 0.103566084216878 1 0.229122071452622 1 0.0511282021142968 0.0827311829307752 0.203123511575386 1 1 0.13894381772753 0.275291846853216 1 0 0.173583717100892 0 0.336461115874972 1 1 1 1 0.154931512344426 1 1 0.056317186360216 0.108224372732138 0.0923659710808365 0.218099826797103 0.0747189778146377 0.067434742293698 0.254236484365665 0.0668987435237755 0.0774920817108244 0.184228676175916 0.13216892375646 0.118497760350311 0.0936744761631848 0.206223163997465 0 0.0925816620954921 1 0.0585100628190982 1 1 1 0.138470748354251 0.12372507882953 0.21457335763428 1 0.108174540781294 1 0.195397065797907 0.146970785155845 0.0869813745583862 0.274351027771948 1 0.181717305915996 1 1 0.115044547025365 0.138614507095508 1 1 0.0638593196665367 1 0.168057607912014 0.175439132115387 1 0.263424194775008 0.0685418668046831 0.190899755280457 0.244469726381539 0.153178247993562 1 1 1 0.0675676113382587 0.188091578779459 1 0.218288360327811 0.081880075902945 1 1 0.0572953577244332 0 1 0.229462691412905 0.158284989916708 1 0.31423299860896 0.24675533126893 0 0.233641923701946 1 1 0.139893311223941 0.183121012255718 0.286130510426669 1 1 1 1 1 1 1 0.306405166379687 1 0.131184426383956 0.284383697755003 1 0.207762560030227 0.12372507882953 0.264540170264864 1 0.13439376328469 0 0.173299212715077 1 0.0894180141425198 0.13439376328469 0.223739315930967 1 1 0.132721054573438 0.186103065780786 0.32112914807125 0 1 0 1 0.289469140175913 1 0.32112914807125 0.21457335763428 0.0634758948668803 0.155903202446045 0 0.179784638377389 1 0.289484518704868 1 0.249056865881014 1 1 1 0.334579014681475 1 1 1 1 0.305133874483664 0.275291846853216 1 0.122623166148826 0.105649527382816 0.176234894415386 0.108650984457572 1 0.108631866594552 0 0.23102581665057 0.132949057941952 1 0.190899755280457 1 1 1 0.209527537651568 1 1 1 0.225344647353933 0.0361545694591712 0 1 1
"l" 0.0467445768597016 1 1 0.137342374063 0.0522569480714141 0.117173910420374 1 0 0.174602867993037 0.110646553565692 1 1 1 1 0.310064323300925 0.0116084464957558 0.138470748354251 0.104926573891309 0.142465684759132 1 0.0914689798860222 0.152847614850825 1 1 0.301915056259063 0.294977455105278 0.136508558220755 0.180504201525294 1 0.116392312949329 0.00998169832974107 0.136352244994481 0.0928322843937258 0.0670790773397425 0.14114113618479 1 0.123363823744628 0.144458348449449 0.119069814299847 0.119069814299847 0.0558180798864843 0.164075263732452 0.139864145073908 0.117194609043928 0.145534699861922 1 0.117216715571973 0.164533653923689 0.0931472874705447 0.249056865881014 0.287717414864403 0.158540199437376 0.172280733537856 0.127155265457774 1 1 1 0.291383924665776 0.0910643176780498 0.144255958803113 0.321542605252579 0.344024414660574 1 0.124040042761031 0 0.144255958803113 0 1 1 0.096833199104363 0.168241346043691 1 1 1 0.277962299041312 1 0.208289218173063 1 1 1 1 0.114935964938189 0.257186723714096 0.165110534182618 0.106107921359792 0.196184076836171 0.122199832794993 1 0.286163506963635 0.0773310486832066 0.155283226158094 1 0.231921801034048 0 0.0911576134990146 0.0911576134990146 0.169534117205992 0.166771404576933 0.281591811287349 0.293390599374779 0.209018441081918 0.222333712975217 0.166771404576933 0 0 1 0.31818689702162 1 0.173583717100892 0 1 0.121118789642477 0.222668256942077 0.0836678492128743 0.282045432462642 0.106524191891321 1 0.321653909949312 0.106107921359792 0.0954360543863727 0.333153618323015 0.0999214610975114 0.0686125272260136 0.126594576763958 1 1 0.137560962377586 1 0.137039285252059 0.143844063102373 1 0.0869813745583862 1 0.133067543014028 0.340038330522495 0.155675915674923 0.141042406189699 1 0.190899755280457 0 1 0 0.111374900407793 0.239377256380819 0.182025976857096 1 0.125340627570789 0.155283226158094 0.181977747756768 1 0.0244448430977268 0.189665802905151 0.0101668938927359 1 0.254278666197349 1 1 1 0.189633266432999 1 0.305785360723172 0.275893478544534 0.170187558603878 0.322840144338034 0.23174937980211 0.306378721902534 1 1 0.278123676415033 0.296934631789002 0 0.230363683782202 0.179940689294908 1 0.263595991828411 0 1 0 0.275769742067548 0 1 1 0.244469726381539 1 0 1 0.164224930723785 0.318191651050724 0 0.174602867993037 0.139823618624741 0.0481294104727373 0 0.139328048850487 0.216483676825909 0.219709545969203 1 0.175553067393105 0.0600199207627638 0.0567599095648268 0.242285104862348 1 0.292999824505021 0.298217084198632 1 0.0747189778146377 1 0.146970785155845 0.0430665794881258 1 1 0.100719348367731 1 1 1 0 1 0.235660268125918 0.100469573294387 1 0 1 0.0759486025442894 1 0.14770603378976 1 0.0177261625449068 0.0456983816264577 0.114433630673447 0.151564518397288 0.0613218488462568 0.102969603666938 0.162336712752361 0.111642032156099 0.184228676175916 0 0.224387765891006 1 0.144458348449449 1 1 0 1 1 1 1 0.0740140704708624 0.0476489516108414 0.163047109729382 0.083815484901747 1 1 1 0.170265002717587 0.314211596852753 0.155626561468684 0.138614507095508 0.249995160108783 1 0.155626561468684 0 0.0153599369578383 0.166771404576933 0.209018441081918 0.123785913697975 0.0507782328626592 0 1 0.021510396523919 1 0.121118789642477 0.168114484771202 1 0.0558180798864843 0.288324792643488 0.211964585158796 0.103566084216878 0.0964983833839146 0.103314681041752 0.231280176565626 0.288324792643488 0.280666198815667 0.0884585749643201 0.285191674487022 1 1 0.0179637477740173 1 0.0923522515640251 0.164119084281598 1 0.237641782269561 0 0.166259230240802 0.113004281145232 1 0.158530860371419 0.179940689294908 0 1 1 1 1 1 0.0990126826346903 0.0931472874705447 0.114433630673447 1 0.0476471961599338 1 1 1 0.0568706350435496 0.151103370627195 0.291870032239996 1 0.0342920876024641 0.147307536247357 0.0558180798864843 0 0.131600080581625 0.134370401062266 0.209527537651568 0.239258705702283 0.0925816620954921 0.325826684978119 0.227035252071303 0.310096404391651 0.112392221695387 0.135238486620504 0.140681744997423 0.133326190336631 0.103170898454245 1 0.136924761584695 0.140681744997423 0.166507637959991 0.208959687511102 0.119121512658866 0.30216269125826 0.124619060284074 1 1 0.297718973061936 0.0444940859470494 0 1 0.0541131625012129 0 1 0.310096404391651 0.224218798501605 0.152945559636889 0.1387340292258 0.073298611297807 0.0846784007411688 0.105649527382816 0.138195604265752 0.318318751058916 0.0740140704708624 0.348144506179696 1 0.321109350180293 1 0.158530860371419 1 0.218808177328708 0.182025976857096 0.0571652565621815 0.0355852958419502 0.318009866984634 0.249995160108783 0.115481265541134 0.0790019805170503 0.107334497867335
"m" 0 1 1 1 0.0686243106302252 0.212004143785833 0.127155265457774 0.0890250982619373 0.127311568458652 0.111425636798916 1 1 1 1 1 0 0.0792454286844587 0.263620777800787 1 1 0.130190895302393 1 1 1 0.33488809397498 0.136522165609452 1 0.20151276307266 1 0.136522165609452 0.14114113618479 1 0.158284989916708 0.0522569480714141 0.151238150376975 1 0.25553521662227 1 0.0923659710808365 0.0759840986444605 0.0904013022252132 0.177479889360978 0.0634758948668803 0 0.136522165609452 0.189081876020635 0 0.286163506963635 0.167360424099505 0.0634758948668803 1 0.255196418304779 0.212463706033946 0.0802884369502242 1 1 1 1 0.108993579558688 0.309138504877256 0.0798367021265341 1 1 0.0729760664442047 0.179110027675454 0.166771404576933 0.0961741315524705 0.260440848517767 1 1 0.0634758948668803 0.170482990426691 1 1 0.13487762084223 0.228196931183535 0.298167352121038 1 1 1 0.340363008776417 0 1 0.163047109729382 0.156965904514469 1 1 1 0.132949057941952 0.156011036596157 0.0759840986444605 1 0.26276447830068 0.0759840986444605 1 0.128423728782585 0.20151276307266 1 0.283151524208516 1 1 1 0.0242864013106338 0.111425636798916 0.111425636798916 1 1 1 1 0.0558180798864843 1 1 0.213858692724802 0.0931472874705447 1 1 1 0.16921748118789 0 0.218808177328708 0.309114902045774 0.184754769619244 0 0.305408760712624 1 1 1 0.324608298506315 0.0328878987566938 1 1 0 1 0.138470748354251 1 0.107334497867335 0.26276447830068 1 0.0733184140282652 0.088458247946753 1 0.170187558603878 1 1 1 1 1 0.32112914807125 1 1 0.0465341601205004 0.0802884369502242 0 1 0.189665802905151 1 1 1 0.156390406674594 0.189665802905151 1 0.146918178141498 0.134370401062266 1 0.173583717100892 1 1 1 1 1 0.0884684836083148 1 0.202689392691212 1 0.126158723269952 0.0170208128161065 1 0.0513169360940114 1 0.0714759985767609 1 1 1 1 0.0674109536097683 1 1 1 0.021510396523919 0 0.132949057941952 0.126294542809925 0.0370887353584728 0.0476068629005219 1 1 1 0.228137255414593 0.0719756164374341 0.0716920019733961 0.22962904703293 0.241710466853482 0.0634758948668803 1 1 0.164075263732452 1 0.203123511575386 0.0632222099841478 1 1 0.0537157693407293 1 1 1 0.149203780765251 0.234479786108509 1 0.2025313538316 1 0.037766799551692 1 0.345974962906232 1 0.271402512339612 1 0 0.0668987435237755 0.0691605453258183 0.33488809397498 0.0834157285817343 0.21845977107976 0.150716937960623 1 0.103566084216878 0.111425636798916 0.190899755280457 0.15056724044921 0.182829480212038 1 0.291383924665776 0.074761959295795 1 1 1 1 0.0613218488462568 0.15056724044921 0.237555479878701 0.154931512344426 1 1 1 0.197514408340932 1 0.251407098127369 1 1 1 0.205163016795252 0.0170208128161065 0.237260130912828 0.317219790044472 1 0.183677589286124 0.0467445768597016 0.126594576763958 1 0 0.295089798070103 0.088458247946753 0.202689392691212 1 0.117984846780412 1 0.182558496260016 0.0923522515640251 0.154340952455541 0.311778811931114 0.278791285256765 1 0.330668281143641 0 0.172942564561867 1 1 0.0904013022252132 1 0.158284989916708 1 1 0.33488809397498 0.0890250982619373 1 0.146595766061946 1 0.126294542809925 0.284977782869065 0.0192585438771771 1 1 1 1 0.321250045283288 0 0.166716552346378 1 1 0.0634758948668803 1 1 1 0 0.135004056667947 0.282590565127099 1 0.0248122968417902 0.0244732691163427 0.0798367021265341 0.0627584839699317 0.32112914807125 1 1 0.0691605453258183 0 0.309864274333856 0.138470748354251 0.197805083090439 0.0784079966812539 0.146099154780256 1 0.289544015802558 1 1 1 0.279089632644721 0.344485333334938 0.168462719061754 0.0686243106302252 1 0.0759486025442894 1 1 1 0.14770603378976 0.142812132532303 1 1 0.138470748354251 1 1 1 1 0.146099154780256 0 0.11854634952512 0.146263491899081 0.0814637737585467 0.329056173951027 0.172942564561867 0.189081876020635 0.115481265541134 0.252596534392354 1 0.118497760350311 1 1 0.31423299860896 0.15732513161431 0.017207470806033 1 0.0934337075962214 0.185098600159087 1 0.216483676825909
"n" 1 0.0384177343612917 0.0611339636915893 0.0759486025442894 0.0890250982619373 0.0558180798864843 0.16068039886526 1 1 1 0.0632222099841478 0 1 1 0.228554950593724 0.133698391357914 1 1 0.321542605252579 1 1 1 0.163047109729382 0.0759486025442894 0.083815484901747 0.248393243773319 1 0.337390944761843 0.216483676825909 0.273516366031774 1 1 0.181717305915996 1 1 1 0.244469726381539 0.275571996312641 0.247178971267592 0.133698391357914 0.191208051238291 0.0718038505285616 0.229122071452622 1 1 1 0.309864274333856 0.0937835987913923 0.0268439749884863 0.164533653923689 0.180656378110088 0.122642558419354 1 1 1 0.0465246339531925 0.231928833258217 1 0.203838745516507 0.056695938309494 0.124040042761031 1 0.28515246590421 0.244469726381539 1 0.103168464341387 1 0.0674109536097683 0.163235439181458 1 0.106107921359792 0.275291846853216 0.198126013189915 1 1 1 0.0658337085427029 0 1 0.141063729772354 0.0453926838171459 1 0.212283521774169 0.117234377330634 1 1 0.100704014721245 0.240949630216996 1 1 0.103926094691419 0 1 1 0.322248499425234 1 0.181284698868497 1 0.265455231648802 0.247862710985533 0.0540519682998239 0.164224930723785 1 1 1 0.307591949817595 1 0.31818689702162 1 0.242285104862348 0 1 0.146970785155845 0.0732395204059694 0 1 1 0.182025976857096 1 1 1 1 1 1 1 0.0942059371594444 1 0 0.0759840986444605 1 0.202689392691212 1 0.306281602680689 1 0.0383839238514906 0.144656986077545 1 1 1 1 1 1 1 1 0.229397876991619 1 1 0.128423728782585 0.257804106380799 1 0.241212186061055 1 1 0.141042406189699 1 1 0.136352244994481 0.181717305915996 1 0.179110027675454 0.213188215151806 0.0261848366784067 1 1 1 0.136093147364122 0.219797606894201 1 0.0634758948668803 1 1 0.110687567750691 0.190899755280457 0.297999507534883 1 0.111448924828669 1 0.243964837523783 0.0507782328626592 1 1 1 0.301159062050629 0.0675676113382587 1 0.181977747756768 0.0328878987566938 0.0638593196665367 1 0.265893739999353 0.116376944567715 0.073298611297807 1 0.126594576763958 0.322248499425234 0.208289218173063 0.337390944761843 0.163070788119524 0.0522569480714141 1 0.0599737082122243 0.103417521178153 0.171856779908311 1 1 1 0.308168682901055 0.167360424099505 1 0.294778848504628 0.228137255414593 1 0.166716552346378 1 0.0788539693375446 1 1 1 1 1 0.229122071452622 0.0813718907986572 1 0.0779311433256109 0.0149377403403297 1 1 0.0350326044234283 0.0305389062421719 0.311509561574189 0.0674754506144324 0.0608603016612237 0.0837565960590734 0.100719348367731 0.114433630673447 0.175439132115387 0.205163016795252 0.0772021545861557 0.0719756164374341 1 0.276911073341988 1 1 0.0733184140282652 0.25078090190987 0.0902237672799723 0.144053255799092 1 0.141146234677081 1 0.243764554972737 0 1 1 1 1 1 1 1 1 1 1 0.0608603016612237 1 0.0341387649145695 0.288384297351684 0.201342072118418 0.305712487908378 0.11979208062125 0.138614507095508 0.0673644087338219 0.0131645674144383 1 1 0.166334014931663 0.20151276307266 0.0248122968417902 0.117194609043928 0.15732513161431 0 0.219491329515624 1 0.139893311223941 0.114305222087619 1 0.141042406189699 0.281373541638288 0.133067543014028 0.283725470441946 1 0.158284989916708 0.124040042761031 1 0.23102581665057 0.0609783201117424 0 0.0192585438771771 1 1 0.152798063747148 1 1 0.154843303268254 0.156390406674594 1 0.256468102590659 0.062583753086172 0.131184426383956 1 0.132721054573438 0.0632222099841478 1 1 0.0685433629129802 0.180002545571247 1 0.215337343771141 0.0475329724245433 0.0568706350435496 0.222942455298425 0.325956570626466 0.306427748193556 0.0350326044234283 0.0925816620954921 0.166259230240802 0.122623166148826 1 0.157346512334299 0.251785222346541 0.157481273116358 0.136522165609452 0.195489218169691 0.34397400989235 0.233638185850954 1 0.159144711022033 0.13487762084223 0.224218798501605 1 1 0.268429843270336 1 0.171625678478634 1 0.193570463454735 1 1 0.155283226158094 0.248395081144488 0.132949057941952 0.291870032239996 1 0.180170924336832 0.073298611297807 0.120242314731311 0.110226318624276 1 0.117189978968494 0.0759486025442894 0.0993047695037359 0.19290322538122 1 0.0802884369502242 0.348144506179696 0.0412486517552386 1 0.228669385706026 0.115481265541134 1 1 0.0361545694591712 0.22962904703293 0.0759840986444605 1 1
"p" 1 1 0.233264786428738 1 0.0792454286844587 0.083484797782963 0.0475767229960669 1 1 1 1 1 1 0.0357440539528746 1 1 1 0.0991226494045569 0.0405232623946037 1 0.283435117167997 0.049626304486189 1 1 0.184754769619244 0.112659926417187 0 0.152527932991336 0.0928322843937258 1 1 0 0.171537260289188 1 1 1 0.163235439181458 0 0.0850108170838875 0.0850108170838875 0.0481294104727373 0.25260497370142 0.21457335763428 0.154005634168532 0.166259230240802 0.255008166245689 0.182025976857096 0.188542350269265 0.268429843270336 0.188542350269265 1 0.181717305915996 0.237313527312223 1 1 1 1 1 0.250674295236725 0.260881645171695 1 1 1 1 0.188473124018426 0.214923514065325 0.0484834455686401 1 1 0 1 1 0.241144580925944 1 1 1 1 1 1 1 1 1 1 1 1 1 0.132148030225908 0.184553365630941 1 1 1 1 1 0.167904985117428 1 1 0.129943160664117 0 1 1 0.117613884905538 0 1 0.203123511575386 0.137039285252059 0.296787732914147 0.321653909949312 0.0759840986444605 0 0.162139544068912 0.309065317924212 0 0.288038274400832 0.188473124018426 1 1 1 1 1 0.212737411463707 1 1 1 1 1 0.0258301707301401 1 1 0.341900903588184 0 1 1 1 0.189665802905151 0.278288109777481 0.307929918707072 0.124040042761031 0.183604278691636 0.25078090190987 0.152527932991336 0.133067543014028 1 1 1 0.103170898454245 0.217213656297068 0.111374900407793 0.189665802905151 0.179110027675454 1 1 1 1 1 0.195684348954908 1 1 1 1 0.0923522515640251 0.134370401062266 0.149327371432757 1 0 1 1 1 1 1 0.146970785155845 1 0 0.170187558603878 0.187004190963161 0.309065317924212 0.314537280747163 0.121118789642477 1 0.242285104862348 0.252732617099705 1 1 1 1 0.103926094691419 0.0638714986218933 1 1 0.0142359542404879 1 1 1 1 0.13487762084223 1 0.309065317924212 0.299160927928957 0.341242581904859 0.0553251198131092 1 0.135238486620504 0.100065222102406 0.210800806015384 0.0600199207627638 0.325956570626466 1 1 0.298217084198632 1 1 1 1 1 1 1 0.096833199104363 1 1 1 0.196640219079224 0.12729709585305 1 0.286919732102126 1 1 1 1 0.126099128991961 0.235660268125918 0.195489218169691 0.173171919400045 0.144053255799092 0.118998086105081 0.0973874715566177 0.201068317669196 0.0839550517375449 0.25078090190987 1 0.0791695571743837 1 1 1 0 1 1 1 0.107504737733255 1 1 1 1 1 0.295303006147581 1 1 0.214923514065325 1 0 1 0.0567138086350347 1 1 0.305584324693053 0 0.142812132532303 0.211964585158796 0.155626561468684 0.295903815279854 0.291765113420859 0.11342614992558 0.193570463454735 0.0687971050891593 0.324469860874392 1 0.173913313575695 1 1 0.280384020902842 1 1 0.293932008121323 1 1 1 1 0.254655055338352 0.283435117167997 1 1 0.290470733983119 0.282045432462642 0.258798798981615 0.237641782269561 1 0.151238150376975 1 0.267648220508996 1 1 1 1 1 0.23475216933978 0.100194086577028 1 1 0 1 1 0.0745497414426531 0.228994726620322 0.187004190963161 1 1 0.283284637179535 1 1 0.184852780089825 0.198210490815725 0.164119084281598 0.105765099036301 0 0.0142446247137797 0.148638736520593 0.309065317924212 0.234479786108509 0.228137255414593 0.253217019179157 1 1 0.227818882679135 0 0 1 0.144233477682085 1 1 0.121506328135013 0.288465213690229 1 0.144233477682085 1 1 0.109057636441965 1 0.114508760920286 0.131661749951755 0.131661749951755 0.130685538195134 0.0759486025442894 0.196390861022553 1 0.137342374063 0.126110312532226 0.117808491619637 1 1 0.348144506179696 1 0.0396135664951014 1 1 0.0847833492607918 1 0.0805776189088336 1 0 0.0522569480714141 1 1 0.0539058283289659 0.235742692710541 1 1 1
"q" 1 0.123885667637796 0.139823618624741 0.173299212715077 0.0425992234579263 0.0174010011214563 0.0221328898987507 1 1 1 1 0.310064323300925 1 1 1 0.172280733537856 1 0.0772962342501591 1 1 1 1 1 0.298167352121038 0.289544015802558 0.224387765891006 1 0.0416621334072695 1 1 1 0.111642032156099 1 1 1 1 0.205907563203252 1 0.0733184140282652 0.0481294104727373 0 0.19290322538122 0.113382629854803 1 0.248393243773319 0.344485333334938 0.304401796386342 0.201342072118418 0 0.181717305915996 0.224218798501605 0.305785360723172 1 1 1 0.291870032239996 0.129768381658545 1 0 0.144481431268751 0.151270916608337 0.305785360723172 1 1 1 0.141146234677081 0.244018445807457 0.188473124018426 0.269071823442077 1 1 0.151622429309518 0.173913313575695 1 0.340363008776417 1 0.25553521662227 1 1 0.302131967062123 0.241144580925944 1 0.124040042761031 0.138470748354251 1 1 0.0430665794881258 0.242285104862348 1 1 0.224387765891006 0.33113027001119 0.162336712752361 1 0.2122800962271 1 0.063283585861963 1 0.130133208217081 0.083815484901747 0.0328878987566938 0.0791695571743837 1 0.170187558603878 0.189633266432999 1 0.168114484771202 0.285398764459613 0.276187148359696 0.1280088483977 1 1 0.281373541638288 0.062583753086172 1 0.162336712752361 0.141042406189699 0.176335951390834 1 1 0 1 0.205607617765253 1 0.030191467854382 0.281373541638288 1 0.130364169457343 1 0.291870032239996 0.223739315930967 1 0.340038330522495 1 0.0637445372029576 1 0 1 0.334579014681475 1 1 1 1 1 1 1 0.287668465419972 0.309978582331202 1 1 0.215928145088678 1 1 0.31423299860896 1 1 1 1 1 1 0.0960867708720351 1 1 1 1 1 0.147292340136365 1 0.273452379594459 0.333346267185789 1 0.257186723714096 0.0942059371594444 0.306405166379687 1 0.0314175958884954 0.166771404576933 0.0834182690465275 0.27841959769092 1 1 1 0.0686243106302252 0.166771404576933 1 1 0.113382629854803 0.126491820655343 0.322248499425234 0.0685418668046831 0.234279431823569 1 1 0.165343965558797 0.151270916608337 0.240742857739084 1 0.195397065797907 0.102969603666938 1 0.205929012417791 1 1 1 0.13108152052401 0.0691605453258183 0.25078090190987 1 1 0.157346512334299 1 1 1 0.20151276307266 0.181284698868497 0.189081876020635 1 1 1 1 0.0798367021265341 1 1 0.087027980045179 0 0.281977281478659 0.117173910420374 0.0142446247137797 0.0575262259213874 0.320717995429044 0.0992044741642617 0.0314175958884954 0.28356525564124 0.250674295236725 0.0553251198131092 0.100071096593061 0.282045432462642 0.101969121891186 0.118503749701057 1 0.102700270375018 1 1 1 1 0 0.191144059454107 1 0.209018441081918 1 0.191827463880495 0.225130734309476 0.173816575776775 0.0733184140282652 1 0.203123511575386 1 1 0.119121512658866 1 1 1 0 1 0.056317186360216 0.225073417172787 0.321968690487145 0.213858692724802 0.0819546732973141 0.248572547946434 0.0274719145581402 0.0636773637981636 1 1 0.025179563835757 0.054016314681703 0.101208049446114 1 0.276297829307205 0.0575262259213874 1 1 0.110984237431981 0.183604278691636 1 1 0.275291846853216 1 1 0.237641782269561 0.138319584513084 0.218288360327811 1 1 0.103441588016302 0.216672581749286 1 1 0.168241346043691 1 1 1 1 1 1 1 0.0740140704708624 0.13439376328469 1 0.143577583281677 0.13439376328469 0.177406254363815 1 0 0.113015005206106 0.27003596630296 1 0.0619784856807483 0.0779311433256109 0.13439376328469 1 0.222942455298425 0.0894180141425198 0.222942455298425 0.244066412247775 0.181717305915996 1 0.126594576763958 1 0.344024414660574 0.249261887396266 0.242285104862348 0.167360424099505 0.289484518704868 0.208959687511102 0.133067543014028 0.305375393758695 1 1 1 0.227839807002963 1 1 1 1 0.206223163997465 1 0.243764554972737 0.211105567537378 1 1 1 0 0 0.136977848802425 0.299160927928957 1 0.115481265541134 0.120242314731311 0 0.141042406189699 0.152821265368392 0.180002545571247 0.216116971487249 0.161175870015169 1 1 0.112392221695387 1 1 0.280031783759593 0.0474722143636619 0.235742692710541 1 1
"r" 1 1 1 0.329018864716219 1 0.1253929254425 1 0.322840144338034 1 1 1 1 0.296934631789002 1 0.254655055338352 0.209527537651568 0.141939057565685 0.0379950509056004 1 0.136352244994481 1 0.123363823744628 0.0902237672799723 0.144128292144001 0.233638185850954 0.20151276307266 0.152527932991336 0 1 0.14114113618479 1 0.14114113618479 0.134636280628733 1 0.288718311041937 0.214923514065325 0 0.175553067393105 0 0.0928322843937258 0.0348174075452351 0.0931472874705447 0.31423299860896 0.202185560991213 0.301915056259063 0.0931472874705447 0.28515246590421 0.0634758948668803 0.0699343380868715 0.0861748531501602 1 0.204761466542493 1 0.145080660772307 1 0.189511012092202 0.188473124018426 1 0.10783418636911 0.218808177328708 0.0834182690465275 0 0.203277391781594 1 1 0.220473142174984 0.248395081144488 0.0179637477740173 0.228554950593724 1 1 0.284095715290117 0.0829270444025762 0.282045432462642 1 1 0.20151276307266 0.344024414660574 0.23174937980211 1 1 1 0.251407098127369 0.103926094691419 1 1 0.144481431268751 0.315756286323832 1 1 0.240958636840462 0.240958636840462 0.304977108334741 1 0 0.240958636840462 0.147292340136365 1 0.154719845882165 0.281591811287349 0.147292340136365 0.159144711022033 1 1 1 1 0.275728068266377 0.240742857739084 0.127155265457774 0.110198985942589 1 0.273452379594459 0.139328048850487 0.0800160827169298 1 0 1 0.0685418668046831 0.338481203065675 1 0.026158057651238 1 1 1 1 0.159144711022033 1 0.151184201806135 1 0.0758467955242531 0.284095715290117 1 1 1 0.348144506179696 1 0.121118789642477 1 1 1 1 1 1 0.195684348954908 0.315728310730058 1 0 0.240958636840462 1 1 1 1 1 1 1 0.239377256380819 0.299160927928957 0.130685538195134 1 1 0.229397876991619 1 1 1 1 1 1 0.184852780089825 0.283116494222535 0.195684348954908 0.272858812541166 0.196640219079224 0.158284989916708 1 1 0.108224372732138 0 1 1 0.310064323300925 1 1 0 1 1 1 0.141146234677081 0.153995590681991 1 0.103168464341387 0.0575262259213874 0.299076551230158 1 0.116232667921802 0.247556238387733 0 0.215744409064525 0.292999824505021 0.0634758948668803 1 0.144255958803113 1 0.250132599905863 0.302453122354505 0.257186723714096 0 0.234479786108509 1 1 0 0.250132599905863 1 0.195730724760547 1 0.0539197570371081 1 1 1 1 1 0.233264786428738 1 1 0.136352244994481 0.0597456671814654 0.13108152052401 1 0.155675915674923 0.0925816620954921 0.312055790424637 0.0717534344421497 0.0890250982619373 0.155675915674923 0.157346512334299 0.233638185850954 0.0686243106302252 0.235660268125918 0.037766799551692 0.108679251006826 1 0.228134670691783 1 1 1 0.263620777800787 0.103417521178153 0.248572547946434 1 0.146099154780256 1 0.237555479878701 0.295303006147581 0.287668465419972 0 1 0 1 0.152431145275305 0.328474263343103 0.32446159976824 1 1 0.0562455048822448 1 0.180170924336832 0.254236484365665 0.202689392691212 0.100194086577028 0.0568706350435496 0.215744409064525 0.281974640516164 0.0522569480714141 1 1 0.174602867993037 0.143546182765285 0.196184076836171 1 0.268429843270336 0.153178247993562 0.301398942530142 1 0.162336712752361 0.0478847977418741 0.0716920019733961 1 0.301159062050629 1 1 0 0.0599737082122243 1 1 0.253227995908813 0.159144711022033 1 1 1 0.272858812541166 1 0.193570463454735 1 1 1 0.2528205811176 1 0.13439376328469 0.293694293630704 1 0.144988758610526 0.129073029441027 0 0.264540170264864 0.037766799551692 0.0346851798906613 0.284898977567661 1 0.211964585158796 0.158682513392463 0.19239058091099 0.286163506963635 0.239258705702283 0.137342374063 0.233641923701946 0.190688606605767 0.0207641636669272 1 0.0437828754265042 1 0.11893970661988 0.146782224578571 0.183604278691636 1 0.117234377330634 0 0.0847192026906349 1 0.289484518704868 1 0.0751435653797776 0.196640219079224 0.088458247946753 0.261331016601687 0.162572886252215 0.283116494222535 0.239258705702283 0.143561374231917 1 1 0.238789460159194 0.273516366031774 1 0.0675676113382587 0.129943160664117 0.137560374807533 0.0433241947481256 1 0.0613394290359108 0.0673099096697503 0.0562455048822448 0.172938477681384 0.0752945342749191 0.202689392691212 0.0377540289283179 0.14210378613769 1 0.131661749951755 1 1 1 0.152945559636889 0 0.0904013022252132 0.168114484771202 1
"s" 1 0.0475767229960669 0.168241346043691 0.111425636798916 0.038869208788609 0.0142446247137797 0.0468324393261332 1 1 0.229397876991619 1 0.081880075902945 0.0949097590109657 0 0.096833199104363 0.213188215151806 0.0533848188594267 0.123785913697975 0.038971163257311 0.0802884369502242 0.0437828754265042 0.0943396102246402 0.0476068629005219 0.226836542670286 0.226836542670286 0.0977908641371312 0.106730640473925 0.132949057941952 0.0884684836083148 0.0928322843937258 0.158544971536552 0.049626304486189 0 0.0850108170838875 1 0.0850108170838875 0.0699343380868715 0.24675533126893 0.0898410384708012 0.123326516578317 0.0960867708720351 0.056695938309494 0.228994726620322 0.251407098127369 0.143508704186973 0.0869813745583862 0.139823618624741 0.0925816620954921 0.0843474658321313 0.219173121791537 0.144206424949916 0 0.22843130376459 1 0.217166170216246 0.132223203091578 1 0.202403151939296 0.243964837523783 0 0.219491329515624 0.0537571437563221 0.124040042761031 0.108224372732138 1 0.0326792193202716 1 0.0943396102246402 0.138195604265752 0.134370401062266 1 0.217244284600835 0.333346267185789 0.075719917820878 0.146263491899081 1 0.0450621279503107 0.063283585861963 1 0.271014729061997 0.195489218169691 1 0.236446267162091 0.231842158459955 1 0.240787638773052 0.137829000478555 1 0.0239339935359485 0.108951785238333 0.16201436624024 0.168114484771202 0.108951785238333 1 0.184754769619244 1 0.0788539693375446 0.117613884905538 0.146099154780256 0.228137255414593 0.0478847977418741 0.0615662455948767 0.0973874715566177 0.296787732914147 0.0800160827169298 0.0291184757580667 1 0.156965904514469 0.203123511575386 0.170265002717587 0.170265002717587 0.170265002717587 0.300367884475258 0.0513169360940114 0.00730223776190899 1 1 0.246434634246063 0.282045432462642 0.0594908187500122 0.124619060284074 0.275728068266377 0.0575680126312373 0.155588487826898 1 0.075921456261445 0.108951785238333 0.0484834455686401 0.00796479822360117 0.197514408340932 0.132721054573438 0.302131967062123 0.318009866984634 0.125340627570789 0.0350326044234283 0.213188215151806 0.156390406674594 0.125340627570789 1 0.302955808653912 0 0.305785360723172 0.334579014681475 0.054016314681703 0 0.142812132532303 0.278899094545892 0.124877623500833 0.123885667637796 0.154719845882165 0.189665802905151 0.316140457070113 0.0594908187500122 0.133067543014028 0 0.130685538195134 0.288465213690229 0.229397876991619 0.246414421055675 0.00858172250370392 0.229462691412905 0.0211230028651572 1 0.170019564344448 1 0.237514030450844 0.169534117205992 0.292793120911941 0.13487762084223 0.0423602786412789 0.254236484365665 0.0486570863548142 0.110491260303267 0.0686125272260136 0.149327371432757 0.0537101455284172 0.133067543014028 0.283725470441946 0.246414421055675 1 0.254236484365665 0.151238150376975 0.136522165609452 0.275571996312641 0.284977782869065 0.0884684836083148 0.126491820655343 0.0693736132529107 1 0.117216715571973 0.0931472874705447 0.196640219079224 1 0.0716920019733961 0.221024871352413 0.0834182690465275 0.119121512658866 0.201494924399016 0 0.158806422022986 0.0673644087338219 0.116232667921802 0.0292941022617252 0.122199832794993 0.299160927928957 0.0120883140799164 0.285398764459613 0.298816987407552 1 0.20151276307266 0.144053255799092 1 1 1 0.1280088483977 1 0.0190114372031749 1 0.135004056667947 0.132721054573438 0.106107921359792 0.171864295692291 0.0543138226504167 0.155675915674923 0.0383839238514906 0.247862710985533 0.090007601799084 0.0197625100684685 0.0527682381058339 0.0261848366784067 0.00944697125577389 0 0 0 0 0.16201436624024 0.221024871352413 0.274351027771948 0 0.246957381447692 0.309065317924212 1 0.111509734289733 0.250839331780519 0.0884585749643201 0.12729709585305 0.195489218169691 1 0.074761959295795 1 0.0507782328626592 0.0608603016612237 0.269638054027944 0.257186723714096 0.107407475355851 0.285774039032328 0.134619490721776 0.118755652632711 0.321947181481353 0.00919590028896969 0.25078090190987 0.17205174053043 0.0673099096697503 0.155626561468684 0 0.146970785155845 0.208289218173063 0.181977747756768 0.0439572339809177 0.252482599582975 0 0.00520116136694881 0.166771404576933 0.276946160660442 0.282045432462642 0.13264565678806 0.0194899588206522 0.0124611519248827 0.222942455298425 0.0658034122130886 0 1 0.217917749004529 0.146099154780256 0.0675676113382587 1 0.206223163997465 0.32112914807125 0.317588408430046 0.241171074383529 0.170353704681318 0.132949057941952 1 0.158284989916708 0.0173866897414862 0.136522165609452 0.0278547894499887 0.283435117167997 1 0 0.239377256380819 0.128423728782585 0.0126730469364784 0.020138575977643 1 0.0905311345219655 0.0553251198131092 0.190777717936638 0.207762560030227 0.057070914472337 0.164119084281598 0.234479786108509 1 0.0481294104727373 0.158682513392463 0.167244604733822 0.201068317669196 0.0205730089610394 0.00388372041932212 0.118497760350311 0.073298611297807 0.118292528589966 0 0.0185172192498391 0.197514408340932 0.183677589286124 0.0594691802875703 0.180770823799042 0.189177655754483 0.0960867708720351 0.0540785959755037 0.126294542809925 0.049626304486189 0.121844484086812 0.0802884369502242 0.131661749951755 0.136341856459329 0 0.182025976857096 1 0.127415939906817 0.0632222099841478 0.302414468831229 0 0.1253929254425 0.281974640516164 0.0450588977395496 0 0.116376944567715 0 0.0636808207629604 0.0947470962814081 0.116476213425624 0.0185172192498391 0.118755652632711 0.159144711022033 1 0 0.131661749951755 0.0522265613524114 0.115481265541134 0.0847833492607918 0.134636280628733 1 0 0.134636280628733 0.049626304486189 0 0.112392221695387 0.0330684494135252 1 0.056317186360216 0.0815838369372385 0.0980216046727341 1
"t" 1 0.340363008776417 0.195397065797907 0.233732829629042 0.0116084464957558 0.0116084464957558 0.0638714986218933 1 1 1 1 0.202403151939296 1 0.057979888778833 0.306378721902534 0.116376944567715 0.0626544745866876 0.108634975505564 0.0597456671814654 1 1 0.0473670040426496 0.280666198815667 1 0.152847614850825 0.126594576763958 1 0.176234894415386 0.0621945204951115 0.0923659710808365 0.322248499425234 0.246957381447692 0.0533848188594267 0.126294542809925 0.134636280628733 1 0.208289218173063 0.111642032156099 0.281373541638288 0.10783418636911 0.0225443413411112 0.144255958803113 0.116232667921802 0.146970785155845 0.154931512344426 0.251407098127369 0.1253929254425 0.0931472874705447 0.168241346043691 0.273175845125147 0.285191674487022 0.0836678492128743 1 0.229531905291795 1 0.275893478544534 1 0.0910643176780498 0.309948210364872 0.100719348367731 0.184754769619244 0.203277391781594 1 0.168057607912014 1 0 0.260845280771388 0.151622429309518 1 1 0.179110027675454 1 1 1 0.133819495887927 1 0 0.219491329515624 1 1 0.287668465419972 0.205907563203252 0.114935964938189 0.198126013189915 0.0911576134990146 1 0.0911576134990146 0.284383697755003 0 1 0.0424199917602407 0.230218351305492 0.106524191891321 1 1 0.214662549090114 0.0773310486832066 0.0940450695725078 0.190899755280457 1 1 0.213188215151806 0.0221328898987507 1 0.297069376296288 0 1 0.0982648999665525 1 0.307929918707072 0.275728068266377 0.198126013189915 0.31423299860896 0.106524191891321 0.318009866984634 1 1 0.269359432875109 0.171856779908311 0 0.100676561715514 0.105765099036301 0.152847614850825 1 1 0 1 0.116476213425624 0 0.248393243773319 0.101792704285237 0.031296592636747 0.334579014681475 0.22599384560229 0.103425727566722 0.149327371432757 0.183604278691636 0.224387765891006 0.146970785155845 1 0.103168464341387 1 1 0.0634758948668803 0.133554258296871 1 0.189665802905151 0 0 1 0.102971672865814 1 0.103170898454245 1 0.020138575977643 1 0.188473124018426 0.303671580872428 0.288465213690229 0 0.146970785155845 0 1 1 0.0584595257451629 0.170187558603878 1 1 1 0.0934337075962214 1 0.0869813745583862 1 0.121118789642477 0.0634758948668803 0.0982559117253848 0.229122071452622 0.196640219079224 1 0.318970988435804 0.143752345856362 1 0.25553521662227 1 1 0 0.171864295692291 0.243632047836984 1 0.0658486720063957 0.0537101455284172 0.117216715571973 1 0 0.209418848119666 0.117189978968494 1 0.246045138214428 0.0314175958884954 1 0 0 0 0.132949057941952 0.155675915674923 0.170265002717587 0.299160927928957 0.141042406189699 0.130685538195134 0.241171074383529 1 0.262184287823112 0.179110027675454 1 0.118130077198292 0.198126013189915 0.0902237672799723 1 0.0258434001303972 0.0305389062421719 0.141063729772354 0.258878224831929 1 0.280666198815667 0.057979888778833 0.222922234926842 0.154719845882165 0.0192493981180596 0 0.0827311829307752 0.0636808207629604 0.0204210015636368 0.0645478247707969 0.0233767816722994 0.0265029266152856 0.147292340136365 0.180002545571247 0.0931425396079017 0.0384177343612917 1 0.201342072118418 1 0.138614507095508 1 1 0.144458348449449 0.110198985942589 1 0 0.179110027675454 0.205907563203252 0.138614507095508 1 1 1 1 0.0260370060044803 0.144458348449449 1 0.0200354010960843 0.227512925175959 1 0.296227737869121 0.126294542809925 0.0467445768597016 0.125698624851969 0.1280088483977 1 0.107334497867335 0.211964585158796 0.0185172192498391 0.0211230028651572 1 0.203665270795466 0.28120044482763 0.118998086105081 0 0 0.305408760712624 0.0558180798864843 0.0821108956268334 0.167757556629446 0.0871679225667511 0.162040542866627 0.189081876020635 0.240742857739084 0.0990126826346903 1 0.24128932056379 0.213188215151806 0.142728621245551 0.218787659640044 1 1 0.0632222099841478 0.213304306544275 0 0.223928757609636 0.150420567625883 0.126594576763958 1 1 0 0 0.224218798501605 0.222338119653044 0.0825719973436111 1 0.118261548485704 0.0244732691163427 0.125626292344037 1 0.210800806015384 0.0609783201117424 0.228640048143992 0.212463706033946 0.167244604733822 0 0.037766799551692 0.188473124018426 0.0558180798864843 0.191208051238291 0.00396888740081763 0 0.104971011164598 0.114935964938189 0.143577583281677 0.211964585158796 0.126387721272993 0.134619490721776 0.0884585749643201 0.158587522575323 0.118998086105081 0.199550420494885 0.178230310884086 0.146782224578571 0.271454464967571 0.213188215151806 0.156390406674594 1 0.229462691412905 1 1 0.267953808102577 0.117194609043928 1 0.117173910420374 0.0960867708720351 0.229122071452622 0.0687971050891593 0 1 1 0.0537101455284172 0.179110027675454 0.112967052894008 0.0814637737585467 0.0398972040248253 0.317219790044472 0.101258130670284 1 1 0.0805776189088336 1 0.0910643176780498 0.173583717100892 0.104739520116068 0.0361955783753587 0.280384020902842 0.0367461200407315 0.127311568458652 0.289469140175913 0.144128292144001 0.248395081144488 1
"v" 0.0522569480714141 0.136522165609452 0.0516006500410162 0.307598348067142 0.00944697125577389 0.0329509478919572 0.0634758948668803 0.0450588977395496 0 0 1 0.325956570626466 1 1 0.0977908641371312 0.0627175649357655 0.0261848366784067 1 0.0699343380868715 1 0.11456658050645 0.136352244994481 0.272858812541166 0.220150618630797 0.172942564561867 0.0871679225667511 1 1 0.0760389265604263 0 0.205485347188712 1 0.0918325405638093 0.0540519682998239 0 0.0578946060395974 0.2025313538316 1 0.121419542184342 0.170732685648269 0.0475767229960669 0.0348174075452351 0 0.0843474658321313 0 0.13894381772753 0.114935964938189 0.156179366420337 0.172129355665858 0.211537794137658 0.291942776729959 0.161245080069292 0.189511012092202 0 0.145080660772307 0.327643644888875 0.299760342309254 0.104466638962595 0.269137077321271 0.150763446228086 1 1 1 0.0179637477740173 0.263424194775008 0.196640219079224 0.100719348367731 0.103926094691419 1 1 0.0328878987566938 0.185831420963689 1 0.287717414864403 0.0467445768597016 0 0.251407098127369 1 1 0.281974640516164 1 0.143752345856362 0.136522165609452 0.330668281143641 0.061948479682162 1 1 1 0.146595766061946 1 1 0.275769742067548 0.240958636840462 0.246045138214428 0.26322963598758 0 0.117613884905538 0.144481431268751 0.284288435769698 1 1 1 0 0.183604278691636 0.209527537651568 1 0.253308303211777 0.138319584513084 0.322248499425234 0.133720622737276 1 1 1 0.0578037042494942 1 1 1 1 0.184109796645485 0.116376944567715 1 0.0845754895343546 0.0379950509056004 1 1 0.0658486720063957 1 1 0.0261848366784067 1 1 0.0126432000169711 1 0 0.189665802905151 0.0914689798860222 1 0.278123676415033 0 0.239377256380819 1 0.183604278691636 0.198210490815725 0.126294542809925 0.198210490815725 0.173583717100892 1 0.133720622737276 0.280666198815667 1 0.0157036419438546 0 0.109057636441965 1 0.306378721902534 1 0.181717305915996 1 0 1 1 0.0594908187500122 0 1 0.0377540289283179 1 0.309065317924212 1 1 0.187537511459599 0.0800160827169298 1 1 0.130685538195134 0.0599737082122243 0.0221353578490863 1 0.069564242014326 0.280031783759593 0.201963910365325 0.170456641685795 0.249995160108783 0.334579014681475 0.317120177464912 0.151103370627195 1 0.243640462363122 0.284383697755003 1 0.0481294104727373 0.100676561715514 0.0138387678125563 0.220150618630797 0.161245080069292 1 0.195397065797907 1 0.20564308170616 0.228640048143992 0.128423728782585 0.0185172192498391 0.320120531874991 1 0.207249195176866 1 1 1 0.0675676113382587 0 0.302453122354505 1 0.0113720940514519 1 1 1 0.248572547946434 0.255480901576319 1 0 0.234479786108509 0.0937835987913923 0.148380770279691 0.152431145275305 0.196390861022553 0.0961741315524705 0.340363008776417 0.127699274772591 0.0370887353584728 0.0437863730196919 0.102700270375018 0.0699343380868715 0.0821108956268334 0.278899094545892 0.138470748354251 0.0822687143672093 0.0562455048822448 0.302675579733004 0.190899755280457 0.195489218169691 1 0.154931512344426 1 1 1 1 0.213508222194535 0 0.0673099096697503 0.0902237672799723 0.0124611519248827 0.21457335763428 0.250132599905863 0.263620777800787 1 0.126110312532226 1 0.126760509513074 0.151168009460459 1 0.0386521951461536 0.0204210015636368 0.313942257901739 0.307929918707072 0.280093998978595 0.299213263228743 0.0699238944438542 0.0539197570371081 1 0.116232667921802 0.289208566770967 0.0450621279503107 0.0126730469364784 1 0.0172133999752428 0.299076551230158 0.0685418668046831 0.118261548485704 0.0233767816722994 0.136522165609452 1 1 0.0487183063928937 0.0729760664442047 1 0.260382337117138 0.250132599905863 0 0.316140457070113 0.0802807802743218 1 0.237641782269561 0.201494924399016 0.263048782900968 1 0.168057607912014 1 0.0342920876024641 0 0.214320923567399 0.206276120626726 1 1 1 1 0.0686243106302252 0.0678808764488184 0.282045432462642 0.222338119653044 0.0481667028083198 0.108224372732138 0.118130077198292 1 0.0930170366740462 0.322246639456717 0.192202913065526 1 0.0405232623946037 0.016698464118405 0.165110534182618 0.081880075902945 0.103441588016302 0.234271782484975 0.260881645171695 0.180002545571247 0.0597456671814654 0.229531905291795 0.0276067568311505 1 0.00733708388588192 0.0126730469364784 0.0759486025442894 0.263424194775008 0.140681744997423 0.245814438034018 1 0.212845848365855 0.208959687511102 0.304189683831373 0 1 0.0634758948668803 0.140833773938411 0.162572886252215 0.231587260033334 0.122623166148826 0.0923522515640251 0.075719917820878 1 1 0.142789918871758 0.282590565127099 1 1 1 0.0613394290359108 0.201342072118418 0.0638593196665367 0.13108152052401 0.302414468831229 1 0.131864678460909 1 0.254655055338352 0.231921801034048 0.143577583281677 1 0.201693997582196 0.100719348367731 0.0714759985767609 0 1 1 1 0.189417214446213 1
"w" 1 1 1 1 0.260440848517767 1 1 1 1 1 1 1 1 1 1 1 1 1 1 1 1 1 1 1 1 1 1 0.256811391262511 1 1 1 1 1 1 1 0.288718311041937 0.222668256942077 0.31423299860896 0.164119084281598 1 0.212463706033946 1 0.158682513392463 1 1 1 1 1 1 1 1 0.228669385706026 1 1 0.262237872065394 1 0.292793120911941 1 1 1 1 0.211105567537378 1 1 1 1 1 1 1 1 1 1 1 1 1 1 1 1 0 1 1 0.231842158459955 1 1 1 0 1 1 1 1 1 1 1 1 1 1 1 1 1 1 1 1 1 1 1 1 1 1 1 1 1 1 1 1 1 1 1 1 1 1 1 1 1 1 1 1 1 1 1 1 1 0.248160190971003 1 1 1 1 1 1 1 1 1 1 1 1 0.239377256380819 1 0.203123511575386 1 1 1 0.195684348954908 1 1 1 1 1 1 1 1 1 1 1 1 1 1 1 1 1 1 0.302414468831229 1 1 1 1 1 1 0.308168682901055 1 1 1 1 1 0.128423728782585 1 1 1 0.299160927928957 0.074761959295795 1 0.320120531874991 1 1 1 1 1 1 1 0.281373541638288 0.240742857739084 0.302453122354505 1 1 1 1 1 0.136352244994481 1 1 1 0.320120531874991 1 1 1 1 1 1 1 1 1 1 1 1 1 1 0.224387765891006 1 0.138614507095508 1 1 1 1 1 1 0.268429843270336 1 0.27841748329735 1 1 0.292999824505021 1 1 1 1 1 1 1 1 1 1 1 1 1 1 0.0691605453258183 0.286919732102126 0.0733184140282652 1 1 1 1 1 1 1 1 0.293161282042733 1 1 1 0.318805387816953 1 1 1 1 1 1 1 1 1 0.283116494222535 0.213858692724802 1 1 1 1 1 1 1 1 1 0.247556238387733 1 1 1 0.240742857739084 1 1 1 1 1 1 1 1 1 1 1 1 1 1 1 1 1 0.203123511575386 1 0.269071823442077 1 1 1 1 1 0.284898977567661 1 1 1 1 1 1 1 1 1 1 1 1 1 1 0.140681744997423 1 0.136924761584695 1 1 0 0.216257729894039 1 0.200137847821649 1 1 0.131661749951755 1 1 1 1 1 1 1 1 1 0 1 1 1 1 1 1 1 1 0.132949057941952 1 1 1 1 1 1 1 1 1 0.303088322034182
"y" 1 1 0.10783418636911 1 0.260438207477216 0.169534117205992 1 1 1 1 0.178109540513805 0.1253929254425 1 1 0.253308303211777 0.275893478544534 1 1 1 1 0.131600080581625 1 1 0.179940689294908 0.144532997244002 0.116392312949329 1 1 1 1 0.0533848188594267 1 1 1 1 1 0.183677589286124 1 1 0.056695938309494 0.117216715571973 1 0.168462719061754 1 0.292224189299128 1 0.184754769619244 1 0.132814274133235 1 0.158540199437376 0.126594576763958 0 0.256719663322764 1 0.26322963598758 1 1 1 0.283888591558104 1 1 1 0.262237872065394 1 0.122623166148826 1 0.136093147364122 0 1 1 1 0.156390406674594 1 0.329462873471808 1 0.151622429309518 0.327643644888875 0.191827463880495 1 0.2025313538316 1 1 1 1 1 0.0522569480714141 0.106107921359792 1 0.117216715571973 0 0.31566290959734 1 1 1 1 1 1 1 1 0.172938477681384 1 1 1 0.291578307318787 1 1 1 1 0.322248499425234 1 1 1 0.176335951390834 0.289670212658402 1 1 1 1 1 1 1 1 1 1 0.280385583749419 0.260440848517767 0.263620777800787 1 1 1 0.282045432462642 0 1 0.283435117167997 0.300367884475258 1 1 1 1 0.268429843270336 1 0 1 1 1 1 0.309065317924212 1 1 1 1 0.135004056667947 0.316140457070113 1 1 0.184109796645485 1 1 1 0.156390406674594 1 1 1 1 0 1 1 0 1 1 0.305481800763398 0.13487762084223 1 1 0.223580832539777 1 1 0.293161282042733 1 1 1 1 0.138319584513084 1 1 0.151622429309518 0 1 1 1 1 1 0.191827463880495 0.257186723714096 1 1 0 0.103168464341387 0.110687567750691 0.285255326062095 0.250132599905863 0.298167352121038 0.280031783759593 1 1 1 1 1 0.162336712752361 0.176209461667126 1 1 1 1 0.294977455105278 1 0 1 1 0.111642032156099 0.332840553310208 0.0467445768597016 0.2122800962271 0.130364169457343 1 1 1 1 0.15056724044921 1 0.233638185850954 1 0.128423728782585 0.248572547946434 0.184228676175916 1 1 0.327551223885761 0 1 1 1 0.075719917820878 1 1 1 1 0.320120531874991 1 1 0.263714144887306 1 1 0.163047109729382 1 0.201068317669196 0.305133874483664 1 0.275769742067548 0.327638224686856 0.0450588977395496 1 1 0.205163016795252 0.16921748118789 0.171537260289188 1 0.202689392691212 1 0.105765099036301 0.0923522515640251 1 1 0.135279871261494 1 0.238729848006272 1 0.00204802746392677 0.158284989916708 1 0.294052152283599 0.0755480898961427 1 1 1 1 0.263048782900968 1 0.136522165609452 1 0.127155265457774 1 0 0.31207916724362 0.313522350055946 1 1 1 0.247195574073199 1 1 1 1 1 0 1 1 0.302856848001962 1 0.176234894415386 1 0.202403151939296 0.0982648999665525 1 1 1 0.302727347406165 0.257186723714096 1 0.293161282042733 1 1 0.171537260289188 1 1 1 1 1 1 1 1 1 1 1 1 0 0.228640048143992 1 0.112863161649227 1 1 1 1 1 1 1 0.118130077198292 1 0.215744409064525 0.301159062050629 0.32453467392969 1 1 1 0.228554950593724 1 1 0.228669385706026 1 1 0 0.260438207477216 1 0.136522165609452 1 1 0.202689392691212 0.344024414660574 1 0.0539197570371081 1 1 1 0.100704014721245
